CF2X_PARAMS:
  # KF: 1.562522e-06
  # KM: 1.908873e-08
  KM: 0.0
  KF: 1.562522e-06

  M: 0.772
  ARM_X: 0.078
  ARM_Y: 0.1
  ARM_Z: 0.027
  T2W: 5.0